1217212035
96472933
94944885
1466289629
92407017
91882592
768915824
2116520894
2114499871
2115130015
1687651723
1494697811
2115707292
633601792
2115581414
1726795405
91286120
94242608
888617837
2113754742
1981061233
95356461
96161520
2114996800
1755938252
668017170
96348463
2113885146
94896362
1960356137
2115525809
2118042901
1436789850
2114825636
1116817396
2113407951
95767597
96393033
96536798
161910940
2113541808
2114449092
106749152
317850482
303197728
91978931
95752030
2116019615
95275548
91748517
90515018
1426910836
160590667
98616451
96829268
2116177061
2115808284
1234567890
2112832557
2117628170
850709069
94507566
97057051
12354
1461226537
96138875
98114328
93624718
1728396456
94174863
92355763
2114139345
95990061
2113088327
2115582088
2117056061
95497432
96532097
1463218229
91895028
91944043
148364279
95498889
929645279
92447849
2112250928
2053796889
1906205970
1556592285
90550061
90214243
96002255
96508041
2114503323
95183718
1202325632
93135668
2116442670
90510327
1084162751
2113734900
95774779
92434568
2117030767
2117085431
720302779
218216734
1736411964
1312548849
753312955
2112187367
293960077
1876991270
1458496990
93042789
92493967
640810408
186279394
93315636
1759368912
2115567511
2116474455
1495521460
2115788022
2112438072
92760000
1103497733
95813627
923036394
92521281
93532270
1834554022
93762328
90501755
92073956
90272529
90870013
95408725
93415293
90277315
1884590809
848375654
1159676912
224285719
2115051157
443630591
825295797
2114661819
2115981314
91508106
2116991263
95619747
561246054
94482620
1742487620
829309270
90286818
2114631197
2112257736
92447849
90686074
93168256
2114106231
94543241
96711003
720302779
2114250768
2117427454
95235307
95752030
2116019615
1294596107
92434568
95752030
2114499871
95577430
96525201
1408513141
784014573
93115256
91251313
2113570975
92116565
299286127
1586733792
2113481712
2113481712
94593340
2113113522
95286826
96388412
2115265476
2114389144
391583200
1891907038
93720691
2114378643
95514011
2117011801
99004013
2115520153
95514011
91882592
93787435
2113236251
2115977159
2115256791
96307610
92758028
1994404621
1579651006
2115001156
2115194346
96490278
150296024
2116473713
2117627594
1217212035
2115982419
92460503
1668969941
2112869202
2113469263
1184535479
91434341
93993134
94991849
2113937178
93103770
951088219
95378021
293960077
1581768186
2117055270
97168664
2112721195
2117056061
90177972
90177972
91105780
2115934527
2116177061
93720691
91415469
2114173991
2114825636
90611457
2114139345
2116861940
1771780065
95876157
96829268
779878920
94299452
2115118099
90030788
1116817396
1116817396
2115118099
96596650
91871768
152613635
2117443538
2116742872
93531438
91497982
95987816
2117169986
2117030767
2117179048
2113185488
1559150123
91482655
332565060
96289381
2116177061
2117627594
1556592285
2114631197
2116545296
95228453
96366492
96366492
95228453
95228453
1217212035
1217212035
1217212035
96366492
96348463
2114825636
2114631197
91882592
2115525809
322503506
2114791711
2114499871
2117056061
91882592
1463810900
2112789528
90128801
91748517
2112131324
91748517
96486285
2112796106
742591273
96605157
92191317

